// dataSetFormat = MatrixDataSetFormat
// dataSetType = SyntheticDataSetType
// dataSetFormatVersion = 1
// alias = synthetic_cassini
// websiteVisibility = show_always
1	0.3906545801525463	-1.0438401650637388
2	-0.11979296618862012	-1.3270683467388154
3	-0.7806096346173024	-1.3467960953712463
4	-0.7524701467920664	-1.2837891183793544
5	1.2399528585508164	-1.195667176693678
6	0.04637030350829807	-1.3973623137921094
7	0.7002680213377306	-0.6829767350107432
8	1.308168258994284	-0.9344943936914205
9	-0.8152683055235531	-1.4669268283993007
10	1.2038097787482234	-0.8748601958155633
11	0.8899462850502733	-0.6867149177938701
12	-0.998549301559696	-0.9267734743654727
13	-1.1530071769533163	-0.7855240635573864
14	0.0996676902399225	-1.7357706025242807
15	0.4334657259782808	-1.0878028973937035
16	-0.7490797371666468	-1.449058137089014
17	-1.0785359176241727	-1.625920943170786
18	-0.9163694777993642	-0.7894722558557987
19	0.46304976142403187	-1.832125786691904
20	1.3602916356580321	-1.2943705469369888
21	0.7666649421259542	-1.2410322219133376
22	0.5816981262967418	-1.3362932436168196
23	1.0447396376744762	-0.8484566256403923
24	0.4133042690645716	-1.1907008923590183
25	0.8027648060101624	-1.7679760906845332
26	0.5229008702368185	-1.351333460584283
27	-0.08578822417028409	-1.786572464182973
28	0.32321651221472525	-1.1299883577972651
29	-1.2344842099096345	-1.1086249064654112
30	-1.1137177804261198	-1.547031893208623
31	-0.7751630652460493	-1.5590401209890843
32	-1.3280906890299446	-1.0365659806877374
33	-1.093222339684877	-1.2665797870606186
34	-0.6785949278448054	-0.7803620651364327
35	-0.5713493044210401	-1.8355679411441088
36	-0.37392828370514986	-0.9256440266966821
37	0.36984750862263316	-1.6272625084966421
38	-1.1570435391892873	-0.9417435299605132
39	0.068140126312624	-1.679378591477871
40	-0.07858817645217897	-1.63685448653996
41	0.6052436987453478	-1.516685152053833
42	0.4939215722021757	-1.6587803218513728
43	-1.0812636397020046	-1.5745534472167493
44	-0.9434594925259441	-0.8626104827970267
45	-0.9262759695211871	-1.2223018210381271
46	-1.3195568390639234	-1.1467900596559049
47	0.3341063988158388	-1.2742566671222448
48	0.9182367499553608	-0.9166572313755752
49	-0.8627637656172691	-1.4748342152684928
50	-0.34023898188586843	-1.1715373888611795
51	-0.9905869169968835	-1.56812011487782
52	1.1754631496921446	-1.1228194408118726
53	-1.000142786616628	-1.2297863826155662
54	-0.6261254274528897	-0.9461811535060407
55	-0.5971947921706898	-0.9647603686898947
56	0.5675483095120315	-1.6048728842288256
57	-1.1360017601025687	-1.0354110714048148
58	0.37010218963429486	-1.7327805131673815
59	-0.4213424130169071	-1.666594122722745
60	-0.4372721904273016	-1.6721963647753002
61	-0.970397097751329	-1.0572584219276906
62	-1.3372551683310954	-1.239506867527962
63	0.5401962362848778	-1.221969773247838
64	-0.6546753001005758	-0.9581597257405521
65	-0.2765080846103185	-0.93606913164258
66	0.22226384725968318	-1.5310053639113903
67	-0.5959919624081749	-0.8222795192152261
68	1.089882228938091	-1.1030113331973554
69	-0.008340416644140314	-0.973007393628359
70	-0.35978798331024353	-0.7620034899562598
71	-1.320440894095814	-1.0758589699864387
72	-1.3385665351499711	-1.1237745180726053
73	-0.9877804396410486	-1.5412166442722084
74	1.0860730786990511	-1.3675130907446147
75	-0.7669954954081689	-0.8631868317723275
76	0.03416201643241812	-1.4069435704499482
77	0.13844971573161402	-0.9041672479361296
78	-0.658019860565657	-1.6978722754865885
79	-0.3160531196917049	-1.2004821334034204
80	-0.4070170033029539	-1.4994919143617154
81	-0.9166680448794324	-0.6833833046257496
82	-0.6501950500822634	-1.2948724571615458
83	-0.6467905984459839	-1.857877727970481
84	-1.218336131616246	-1.2991279672831297
85	0.04045293915015602	-0.869716202095151
86	0.1405327534886256	-1.275214831158519
87	-0.5924879432162111	-1.0345795035362244
88	0.9922672931996033	-1.171656684577465
89	1.1351633128991594	-0.9809874687343836
90	-0.6118578777003404	-1.2452321264892818
91	-0.2652472190460138	-1.5493362799286843
92	0.587867640925757	-1.1075235955417155
93	0.43015634676748205	-1.8861590791493654
94	0.9275007436153886	-0.8707067176699639
95	0.6304657432700229	-0.8758715584874153
96	0.9019648184663462	-0.6702392973005771
97	-0.7467792464318479	-1.3071220230311156
98	0.4121722345212355	-1.410055485740304
99	0.4451606392130891	-1.0508695978671312
100	-0.5920699862823838	-0.7385780882090329
101	0.5936904570415911	1.2234153836965562
102	-0.3771116280024882	1.051298350095749
103	-0.07654068713716744	1.2904537778347733
104	0.3411428858142378	1.014040533453226
105	-0.1778783555502388	1.8921089459210636
106	-0.304621167356967	1.4921756740659475
107	1.1101749885466505	1.3460541456937791
108	-0.7542231560987774	1.2141481798142197
109	1.1523267755176927	1.5269842084497216
110	-0.13133519809952388	1.6250407163053753
111	-0.5085094614499689	1.5744218926876785
112	0.5405146211218301	0.7567617084831
113	0.7023971820240145	1.3055195562541486
114	-0.4386085701253978	0.7352936893701555
115	-0.2295687270711546	0.9765127897262574
116	-1.3635290285601651	1.2319616120308639
117	0.46301222264295494	1.5098094165325167
118	1.1288379939044155	0.8654043067246677
119	-0.7597579659982433	0.8046692952513697
120	0.5252789569484699	0.8499081131070854
121	1.2690428578436328	1.044539785757661
122	0.5929189249341473	1.622402045503259
123	0.30675995407037715	0.8559862386435272
124	0.5866387285092052	0.8329591296613218
125	0.22495737287290618	1.4841810517013074
126	0.01957587878681122	1.4307747941464188
127	-0.23855021000448828	1.7220137149095538
128	1.0694035198901761	1.2598495211452247
129	0.6148643705098276	0.7780269872397185
130	-0.15354811787024114	1.4697500191628934
131	0.5984410960507269	1.0459385104477406
132	0.8659047853671127	1.47910320982337
133	0.4640764377446043	1.3785938192158937
134	-0.19700742592024834	1.459586137905717
135	-0.7535392508100398	0.8616126358509065
136	0.010159234942473283	0.8866734538227321
137	-0.6164257538886173	1.5391309104859832
138	1.335941029439574	1.151625729352236
139	0.6869029885041154	0.9715595100075007
140	0.8134095987022474	1.0048742968589068
141	0.21158292031197812	1.3523293063044548
142	-0.16343578181478624	1.8808120332658294
143	-1.2195153744334688	0.8475627828389407
144	-0.6648678887923839	0.7314113829284907
145	0.7324840064436997	0.9806981883943082
146	-0.6846863845929841	1.1677192967385055
147	-0.2751923504633247	0.859696050733328
148	-0.44537308195988246	0.6882079366594555
149	0.4551377140156041	1.3915066923946142
150	-0.9421673329981533	1.4903965171426536
151	-0.6149782142720716	0.9396367967128755
152	0.9383413939765286	0.8812000252306462
153	1.3161927216360616	1.1295672748237848
154	-0.30446440479996806	0.8285885486751796
155	0.6784125905984038	0.8136475782841446
156	-1.030038301694268	0.9350408788770439
157	0.7819788763186377	0.6594869945198298
158	1.1666426474333709	1.1599864017218353
159	1.0362936013647275	1.670162568241358
160	-0.06580819691354756	1.4996108107268813
161	-0.44668121285590456	1.3695681590586903
162	-0.07433261482616649	1.6329835914075375
163	-0.21570975539583737	1.5069432429969312
164	-1.0191219094596264	1.5052082728594542
165	0.958896360647477	1.1162351228296759
166	0.46407710140721026	1.4366112004965546
167	-1.0936123475352266	1.3317112386226655
168	0.38010652585424376	1.3534329924732447
169	-0.5525609414359931	1.4872206266969443
170	0.9210355241540253	1.7261081501841549
171	1.2707621345359437	1.3148957457393409
172	-0.38389485538196255	1.0429552078247073
173	1.0706657665938164	1.6202064584940672
174	0.04715496419849874	1.6243723902851346
175	1.159387553345966	1.1382246229797603
176	-0.319248716770707	1.355805529281497
177	1.161742047922393	0.8394371572881938
178	0.006604163034194865	1.4780824188143016
179	-0.7787309128216814	0.6445187568664552
180	0.9264381964282657	0.896372624486685
181	0.8315555122811156	1.594654766842723
182	-0.45114085495012457	1.2742012072354556
183	-0.8509777690687736	1.038989965990186
184	-0.7824631949718882	1.0299462985247376
185	1.00700313509414	1.495990337431431
186	-0.3964203556675545	0.798695243522525
187	-1.295549408043286	0.9178319670259953
188	-0.8484285313612753	1.0625802122056487
189	0.5615777230458296	1.6495133936405182
190	-0.3407231013754628	1.8661884523928167
191	-0.6602159389428728	1.4773319710046056
192	0.5967979647491615	1.153588066250086
193	-0.6221511776791859	1.4528265111148357
194	0.08610291312662333	1.7115011617541316
195	1.1550888400269823	1.4435519855469465
196	-1.0871902901467	1.536654777079821
197	0.6154481632999786	0.9823611330240967
198	-0.9631259719627289	1.502417253702879
199	0.5275444785674734	0.795248679816723
200	-1.032543459359636	1.2085925213992597
201	-0.306399258133024	-0.3073955476284027
202	-0.2896526257507503	-0.4160535391420126
203	0.17790745804086328	-0.002581362426280931
204	-0.08212904781103136	-0.5510510059073567
205	-0.31289380425587293	0.4127080771140753
206	0.179242180287838	0.46441707070916893
207	-0.13261519046500325	0.574010906741023
208	0.21967175379395487	-0.12115372493863108
209	0.04510935069993138	-0.5408824676647782
210	-0.5891579786315561	-0.04689430966973307
211	0.496916102617979	0.28689597481861706
212	-0.2953849037177861	0.1101526664569974
213	0.00624908991158013	0.4961240404285491
214	-0.007068940903991461	0.011030247341841437
215	0.20907311970368025	-0.5161633199080825
216	0.31496546678245063	-0.16813049213960768
217	-0.16278658630326387	-0.3439531375654042
218	0.19225967628881335	0.04104319922626021
219	0.2690813060849905	0.1716681433841586
220	-0.07975403862074015	0.24371104678139088
221	0.2566699725575745	0.4893090312369167
222	0.06683783959597345	-0.3474207359366119
223	-0.064204557146877	0.4530540592968463
224	-0.3916055291891098	-0.28675338048487903
225	0.11996989566832783	-0.4553377468138933
226	-0.22211806615814567	-0.3501713007688522
227	-0.3497256366536021	0.005160252470523097
228	0.133521920721978	-0.35429135039448734
229	-0.09779762048274276	-0.33238059757277366
230	-0.3625182621181011	0.1781969125382602
231	-0.49032982634380456	-0.08673249576240782
232	-0.5522260674275458	-0.031089477706700563
233	0.47991045042872427	0.2015424680896103
234	0.4531391588039696	-0.02506479062139988
235	0.041289910208433867	-0.2456143987365067
236	-0.014510103128850482	-0.43950348570942877
237	0.28355208327993753	-0.5224577575922013
238	-0.5188306214287877	0.07507927156984806
239	0.4361905278638004	-0.07899807868525388
240	-0.0689431051723659	0.38118400024250143
241	-0.03561433162540195	0.36765632070600984
242	-0.5365273084491491	-0.19782486045733094
243	0.17404893413186073	0.39240443520247936
244	-0.09409176791086793	-0.08467467511072757
245	-0.13470889292657373	9.105931967501313E-5
246	-0.0443227727897465	0.40348777184262874
247	0.23448016270995142	-0.2843731502071023
248	-0.536980246938765	0.10634430516511206
249	-0.2542599982582033	0.4608512216247619
250	-0.0924196978099644	-0.4101594233885407
