// dataSetFormat = MatrixDataSetFormat
// dataSetType = SyntheticDataSetType
// dataSetFormatVersion = 1
// alias = synthetic_cuboid
// websiteVisibility = show_always
1	0.6234704114031047	0.9418462926987559	0.792764211888425
2	0.15752305393107235	0.8916698239045218	0.9044789742911234
3	0.5337885124608874	0.8946543940692209	0.7540065462817438
4	0.33088965085335076	0.8177831206121482	0.811467892199289
5	0.9593661488033831	0.9276699058245867	0.844429335265886
6	0.8980179659556597	0.8583831812138669	0.9120690078125335
7	0.7727438134606928	0.7882016050280072	0.8791080344817601
8	0.8051235375460237	0.7791904245386831	0.7584310133825056
9	0.4972963461186737	0.9589833747013472	0.9702997000422329
10	0.3487140769138932	0.8673046535695903	0.7699006049078889
11	0.35263545135967433	0.8146259248605929	0.7845469391322695
12	0.019895648816600442	0.8204984869807959	0.9799689992214553
13	0.9438959618564695	0.9762394155841321	0.9855042219860479
14	0.828619868028909	0.9604972806992009	0.9637692690012045
15	0.7444063660223037	0.8187913077417761	0.7669409887166694
16	0.6610523890703917	0.9192646887386218	0.9695330936810933
17	0.08742736373096704	0.9269484292599373	0.7899929656996392
18	0.5768803316168487	0.9969140490866266	0.9831211944692768
19	0.9522757127415389	0.8708995523047633	0.8063899095868692
20	0.5941494186408818	0.9762027685646899	0.827820900012739
21	0.11572527163662016	0.8453137123724446	0.9843772334279492
22	0.557964185019955	0.977537076571025	0.8150473804562353
23	0.9596574241295457	0.9039168035960756	0.8713409029878676
24	0.5251346302684397	0.9978212656569667	0.991650540730916
25	0.5956751704216003	0.8786015109508298	0.9013034704839811
26	0.890096694463864	0.8107626845594496	0.9987287382828072
27	0.8908068330492824	0.9711296741152182	0.9467783200088888
28	0.21716017625294626	0.814185066963546	0.9441296343575232
29	0.7885283806826919	0.7970854748855345	0.7871619649231434
30	0.9115501653868705	0.9443786430056207	0.953800140239764
31	0.523294142447412	0.8099680170998909	0.8522199045401067
32	0.15372542291879654	0.995104071800597	0.9972984046908095
33	0.9983737647999078	0.8512904593371786	0.7878966939169914
34	0.14897678256966174	0.921463941980619	0.8009256335208192
35	0.5019662461709231	0.876408624520991	0.907717838534154
36	0.7704373388551176	0.8206884276587516	0.8349788910127245
37	0.3223325409926474	0.7605670484481379	0.9708715400774963
38	0.3800653812941164	0.9925099973916076	0.9996788772987202
39	0.1398169945459813	0.9504090705304407	0.9121039439341985
40	0.6946809312794358	0.9780425422941335	0.7775703449151479
41	0.8934849477373064	0.8495396989746951	0.808335411536973
42	0.8851747002918273	0.8154088706942275	0.9761343807913363
43	0.7128993852529675	0.8174361154669896	0.9974057116196491
44	0.2988188685849309	0.8405243260785937	0.8680829434306361
45	0.3621483454480767	0.7727333698421717	0.9433206384419464
46	0.43122831964865327	0.7566544910660014	0.8879355942481197
47	0.7607692503370345	0.9584431777475402	0.9289732393808663
48	0.11453092470765114	0.7942651680787094	0.9907911178888753
49	0.5451403486076742	0.7541465008398518	0.9501839340664446
50	0.9311633049510419	0.7529921001405455	0.9308648148435168
51	0.5081630107015371	0.8623790145502426	0.8326506552402861
52	0.9963191240094602	0.8630855134688318	0.7817305062781088
53	0.880958758527413	0.9869258714606985	0.8952851627254859
54	0.5338371265679598	0.7842515023075975	0.9175644656061195
55	0.9158000000752509	0.875721630116459	0.9646998819662258
56	0.7142568498384207	0.9859260049415752	0.8388589561218396
57	0.7055037841200829	0.8975986405275762	0.8098269971087575
58	0.5328733494970948	0.866418898338452	0.8141654881765135
59	0.231796094449237	0.759057657502126	0.9987288191332482
60	0.041116992477327585	0.919946034962777	0.8507196051650681
61	0.7931167064234614	0.7532410557032563	0.9250876944861375
62	0.7458272282965481	0.931348544661887	0.7853336428524926
63	0.0760742831043899	0.9084440878941678	0.8985970541834831
64	0.39809374581091106	0.9395496256183833	0.9003042621770874
65	0.05823041941039264	0.9206936368718743	0.9372554727015086
66	0.026843583909794688	0.8783501237048768	0.8942803194513544
67	0.23842807346954942	0.8114282391616143	0.7861466813483275
68	0.054793975315988064	0.8090525753796101	0.8972789637045935
69	0.10421147290617228	0.7714407113962807	0.8999868140090257
70	0.7373368688859046	0.786454071290791	0.9539879326475784
71	0.5586079489439726	0.8543181248824112	0.9244349829968996
72	0.9176408924395218	0.22506943484768271	0.7707076238002628
73	0.7768236105912365	0.10759576299460605	0.24849827797152102
74	0.8977785923634656	0.11047618312295526	0.7005313460249454
75	0.8778708218596876	0.230564245081041	0.49316687788814306
76	0.9063365132315084	0.12555425625760108	0.6721280110068619
77	0.8134359822142869	0.027690206130500883	0.6707290215417743
78	0.9281595368520357	0.15071025857469067	0.930164841003716
79	0.7742084166966379	0.18990101444069296	0.03997094230726361
80	0.7505520877894014	0.18481994845205918	0.06378789525479078
81	0.9053427887847647	0.07879485189914703	0.6428509731777012
82	0.7801434461143799	0.08104237989755347	0.9147646822966635
83	0.7762271777028218	0.07732682162895799	0.8065681261941791
84	0.7651797939906828	0.042965532920788974	0.04410508694127202
85	0.9454933239612728	0.09069678414380178	0.6469562181737274
86	0.8174641455407254	0.18006549222627655	0.23541810270398855
87	0.8072883278364316	0.12181094975676388	0.13904177164658904
88	0.8078421352547593	0.16383583220886067	0.3419035819824785
89	0.7710256017744541	0.2234851811081171	0.041088296100497246
90	0.8045116937137209	0.1402146773179993	0.13014985201880336
91	0.7934341697837226	0.1100050054374151	0.9561411619652063
92	0.8787582580698654	0.2334212958230637	0.33796539157629013
93	0.8486507136840373	0.09204040322219953	0.11786131653934717
94	0.8666131037170999	0.1544436980620958	0.709048033459112
95	0.9618708342895843	0.15896964486455545	0.870047893607989
96	0.8843873800942674	0.18408777611330152	0.2392675222363323
97	0.7867379150120541	0.21002321044215932	0.9587812798563391
98	0.907542321132496	0.19055078853853047	0.018755987286567688
99	0.9795401005540043	0.24994522467022762	0.4788100519217551
100	0.9189605968422256	0.03794780815951526	0.3605176564306021
101	0.9240074834087864	0.008532504492904991	0.8276478939224035
102	0.9853712029289454	0.1873565095011145	0.21539144567213953
103	0.7793002047110349	0.2164543581311591	0.4025915237143636
104	0.978212604066357	0.06664199667284265	0.09831953491084278
105	0.9780774657265283	0.2024555485113524	0.5107387106399983
106	0.8933375552296638	0.07898844021838158	0.5666054608300328
107	0.997149184520822	0.2433016240829602	0.9541026067454368
108	0.9829890991095454	0.07238534116186202	0.394635048462078
109	0.8643801151192747	0.042547620949335396	0.5914165866561234
110	0.978458451339975	0.05192271660780534	0.5765931755304337
111	0.8379501702147536	0.08900043211178854	0.4511374025605619
112	0.9486360233859159	0.1744320466532372	0.9451177341397852
113	0.9200066873454489	0.20656058815075085	0.20153972250409424
114	0.9008173994370736	0.051558478036895394	0.00983111560344696
115	0.7594535523676313	0.09873836324550211	0.5783134016674012
116	0.9611981816124171	0.07951614120975137	0.5522228912450373
117	0.8093676064163446	0.0804751415271312	0.05057178903371096
118	0.7729767390410416	0.01700750575400889	0.22176456893794239
119	0.8533577760099433	0.11678967421175912	0.041573031106963754
120	0.7618674755212851	0.10774534085066989	0.5309414674993604
121	0.7943395407637581	0.23158473026705906	0.48790328740142286
122	0.7790090573835187	0.18142404727404937	0.31580619397573173
123	0.8627282993984409	0.08112729614367709	0.10967621952295303
124	0.8270376562722959	0.07345786032965407	0.6960608158260584
125	0.8785580910625868	0.054220638470724225	0.7813223637640476
126	0.9637419694918208	0.06224587926408276	0.29103445750661194
127	0.855216913681943	0.09088698081905022	0.384805700276047
128	0.9276897223899141	0.009465917595662177	0.07377106440253556
129	0.9590943492949009	0.1258850900339894	0.3371997377835214
130	0.795634705980774	0.05599365581292659	0.34354770043864846
131	0.9374953673104756	0.06834050104953349	0.8120786328800023
132	0.7872787866508588	0.22041221091058105	0.8221034735906869
133	0.923495483759325	0.05935237783705816	0.726854344829917
134	0.7722024784306996	0.23610977904172614	0.6182959284633398
135	0.8902417560457252	0.214911442482844	0.2879467767197639
136	0.8809863438946195	0.014480513520538807	0.3664330893661827
137	0.9490780181949958	0.13595954095944762	0.7223450776655227
138	0.7906691399402916	0.07486796448938549	0.2086330757010728
139	0.7982184927677736	0.24159077915828675	0.22557245241478086
140	0.8881623889319599	0.15268014650791883	0.16520463931374252
141	0.9199715864378959	0.16075793612981215	0.4364408634137362
142	0.9138202929170802	0.23054426623275504	0.142207324039191
143	0.06579023628728464	0.9545965855941176	0.01525617839070037
144	0.007308897678740323	0.282215901883319	0.004024179186671972
145	0.0763163460069336	0.5324614115525037	0.02335799759021029
146	0.060656466463115066	0.2155696398112923	0.12974929041229188
147	0.0920365980709903	0.3537587937898934	0.022190861112903804
148	0.047857635538093746	0.917648806469515	0.12207984220003709
149	0.1410946519463323	0.4183116494677961	0.14907838817453012
150	0.08429055439773947	0.36467535560950637	0.10323767591034994
151	0.09360532165737823	0.6513019225094467	0.10553326085209846
152	0.08292216330301017	0.13050233968533576	0.24674216780113056
153	0.03276179783279076	0.12640880863182247	0.03487042925553396
154	0.10856590553885326	0.594069701153785	0.11928260809509084
155	0.20357430091826245	0.10883239610120654	0.23826779768569395
156	0.06356518680695444	0.32553535187616944	0.11359465995337814
157	0.14763559168204665	0.09520023199729621	0.2222481113858521
158	0.09211300610331818	0.6410370767116547	0.032545151363592595
159	0.2032797205611132	0.39164619939401746	0.054118207131978124
160	0.011424239666666836	0.544379104860127	0.20160833426052704
161	0.05675913853337988	0.4161083921790123	0.17888903303537518
162	0.018692401703447104	0.5337474318221211	0.19572717766277492
163	0.0387284672469832	0.22314663813449442	0.15523381432285532
164	0.11844452295918018	0.6863966141827404	0.06139650451950729
165	0.20017955149523914	0.03618202591314912	0.1894545619143173
166	0.19036885839886963	0.5268769029062241	0.15764093305915594
167	0.10213429719442502	0.3572414596565068	0.10374216578202322
168	0.21661274560028687	0.8454920523799956	0.028645096521358937
169	0.24725113721797243	0.7071780015248805	0.12140111508779228
170	0.1329127006465569	0.2141329813748598	0.02381617814535275
171	0.05084107775473967	0.6790006482042372	0.1175057531800121
172	0.1426374937291257	0.5681335483677685	0.13050958031089976
173	0.2443244550959207	0.10253430320881307	0.17998586816247553
174	0.20357131317723542	0.9209315413609147	0.18234046024736017
175	0.15433678863337263	0.9409611262381077	0.20033563039032742
176	0.2152509621810168	0.8082003933377564	0.10371863329783082
177	0.09123927471227944	0.14376216987147927	0.08953406318323687
178	0.04548760660691187	0.8303121752105653	0.18046066456008703
179	0.047943788405973464	0.3012523662764579	0.010104859014973044
180	0.1890805554576218	0.4398360087070614	0.20252463227370754
181	0.05870308628072962	0.9270972737576813	0.04346528748283163
182	0.04987039341358468	0.1864397858735174	0.0455422307131812
183	0.07305975852068514	0.3375509444158524	0.15614366804948077
184	0.10051492304774001	0.21897998545318842	0.1453585674171336
185	0.15068874397547916	0.5922916636336595	0.23416451987577602
186	0.114135762443766	0.7253101333044469	0.21153761772438884
187	0.0034137037000618875	0.5835084191057831	0.24899381445720792
188	0.22429706994444132	0.17808651085942984	0.004677211167290807
189	0.14379875565646216	0.12620219681411982	0.23915089265210554
190	0.021614327211864293	0.8679058265406638	0.20158820698270574
191	0.23702497710473835	0.24204473616555333	0.042094748408999294
192	0.035560310701839626	0.020178527338430285	0.18740422342671081
193	0.023559620836749673	0.42080303048714995	0.10084029322024435
194	0.006382084276992828	0.6146686743013561	0.14580587879754603
195	0.13983395433751866	0.8805867340415716	0.2369968569255434
196	0.15675666753668338	0.9996710342820734	0.1944405875983648
197	0.07500921987229958	0.8434122705366462	0.06375374691560864
198	0.11963761533843353	0.23545897379517555	0.21326896641403437
199	0.19767857709666714	0.7006644101347774	0.08313693507807329
200	0.18964051723014563	0.13349489448592067	0.04182496195426211
201	0.05488496657926589	0.689084698446095	0.01816208695527166
202	0.21165045822272077	0.9310639684554189	0.012352253659628332
203	0.16904411127325147	0.36222855863161385	0.018897093425039202
204	0.007936146517749876	0.7305685128085315	0.15679922176059335
205	0.129681036924012	0.5893712867982686	0.13323398650391027
206	0.1201449854997918	0.04864047933369875	0.19273708772379905
207	0.09761336166411638	0.5583482708316296	0.028775930986739695
208	0.13809789577499032	0.7781443377025425	0.1883421806851402
209	0.21096999844303355	0.6595989365596324	0.012329893826972693
210	0.06904200237477198	0.1500264131464064	0.19978238263865933
211	0.0227286106091924	0.42035294114612043	0.06538183498196304
212	0.15479026042157784	0.15472972206771374	0.021462666103616357
213	0.01147356303408742	0.7084106160327792	0.22288972232490778
214	0.4912617095280439	0.4187220500782132	0.5460885450709612
215	0.5317833892535418	0.5577148802112788	0.559739122679457
216	0.4618720892351121	0.545500813331455	0.47000227035023273
217	0.45108912670984863	0.4047316649463028	0.4983866883441806
218	0.5675505643710494	0.4288428671192378	0.40869007837027316
219	0.45763504737988114	0.4204120700247586	0.40880177295766773
220	0.43516210238449277	0.52903818404302	0.42257502693682913
221	0.4756773989647627	0.4894108563195914	0.411790044605732
222	0.5996955483220517	0.49196750214323404	0.4347681110724807
223	0.4100380656309426	0.5082538672257215	0.47963868114165964
224	0.4821400817018002	0.43378195222467186	0.5681334014516324
225	0.553023995552212	0.4060007852036506	0.48955806498415766
226	0.43105802182108166	0.5144064808264375	0.4527112723328173
227	0.5625184423755855	0.4333645314909518	0.5511407133657485
228	0.5853019003290683	0.5199882468674332	0.5346131222322583
229	0.5630249539855867	0.4176716939080507	0.5446964223869145
230	0.4369654123205692	0.4348024424631149	0.4222457363735885
231	0.5972871479112655	0.4760444340761751	0.45403028377331794
232	0.5039695680141449	0.4569747615605593	0.45745482398197057
233	0.4801873130258173	0.5313116360921413	0.5509690944105387
234	0.4702602523379028	0.45604051095433534	0.4431525460444391
235	0.5956499846186489	0.40130282654426996	0.5695928965695203
236	0.49659421588294206	0.5032330871094018	0.5276642915792763
237	0.5282962849829346	0.44758736290968953	0.43475567223504186
238	0.527277051890269	0.530695973476395	0.5637945485766978
239	0.5427701467182487	0.45470846858806907	0.4608795288018882
240	0.5367309109307825	0.4160754401702434	0.45822411323897544
241	0.5775854788720608	0.5633413481991738	0.43441034187562766
242	0.5685815690085292	0.5818257640115917	0.41824225992895664
243	0.5531643627677113	0.4172659776639194	0.44028614535927774
244	0.5328499590512366	0.4103024200536311	0.5879250010941177
245	0.47164510884322225	0.5027970205061137	0.5500510718207806
246	0.5349112620111555	0.5278951609507203	0.524279439356178
247	0.5441022002138197	0.5445952917449176	0.5223282164894044
248	0.5398804078809917	0.47449782872572543	0.5604874211829156
249	0.49903018451295794	0.5351797159295529	0.42661379049532117
250	0.5844150390475988	0.5219456887338311	0.429136471496895
