// dataSetFormat = MatrixDataSetFormat
// dataSetType = SyntheticDataSetType
// dataSetFormatVersion = 1
// alias = synthetic_spirals
// websiteVisibility = show_always
1	1.2025109217488053	-0.4761077548055168
2	-0.31107654449267075	-0.2639988323203332
3	-0.3333333333333333	-0.0
4	0.10331300714367343	-1.171453124352371
5	0.3333333333333333	0.0
6	1.3360477977701637	0.16878208786659496
7	-1.5608852424791786	0.4855639720179284
8	0.3422631498415673	0.034524429908817926
9	0.34752192524561293	0.0708304730891097
10	-1.4137747771374325	0.7772292608841024
11	-1.0968970942586487	1.139048671356077
12	0.3488438470141069	0.10851919113614343
13	0.34600717460956726	0.14715649873078812
14	0.5275692334324249	-0.30754590179890445
15	0.5985661287566784	-0.20283636139815653
16	0.4587731473903361	-1.1174932658560253
17	0.33883858295029384	0.1862780873193299
18	0.3272169521243618	0.22539486245303123
19	0.31107654449267075	0.2639988323203332
20	0.290409517366961	0.301569378419737
21	0.30078504365326647	0.7326611478128909
22	0.2652677272201169	0.33757983353065507
23	0.2357637897907585	0.3715042872208867
24	-0.4375418792948835	0.7727231741465386
25	0.2020713693845746	0.4028245351508361
26	0.16442468004637967	0.431037085453317
27	0.12311719096883127	0.4556601335293053
28	-1.2138084775302256	1.0301130908185545
29	0.07849953840073054	0.4762404157376643
30	0.6097204131506793	0.3977750844225479
31	0.22235915997506037	-1.1656475375313773
32	0.4291654751068968	0.6401125729802398
33	0.030976656301128006	0.49235985269128063
34	1.3355780768824888	0.033573807512298666
35	-0.018995852065647027	0.503641894210857
36	0.6481816048587922	-0.0818843792620123
37	0.573631191998818	-1.0752189079487302
38	1.132623792124927	0.8228993532094621
39	-0.3422631498415673	-0.034524429908817926
40	-0.07091606960569372	0.5097574804252099
41	-0.12424080643646346	0.5104305370245087
42	-0.1783912758643208	0.5054429272385754
43	-0.2327593460555731	0.494638788681424
44	-0.39856582161096127	1.4751031441372426
45	-0.8562337994911853	0.41613420985168775
46	-0.286714300160893	0.4779281897185956
47	-0.010488454622638246	0.8346007648954519
48	-0.3396100303766705	0.45529004740665807
49	0.5750241534241748	0.46365468554006406
50	-0.3907925849660328	0.42677425724459667
51	-0.9728333168221073	0.14782197969482555
52	-0.439607981703318	0.39250299387458565
53	-0.4854101966249684	0.35267115137548394
54	-0.07849953840073054	-0.4762404157376643
55	-0.5275692334324249	0.30754590179890445
56	-1.4944565201221731	0.6355908349436171
57	-0.5483990773801217	1.437620799459907
58	0.3907925849660328	-0.42677425724459667
59	-0.290409517366961	-0.301569378419737
60	-0.5654791764522773	0.25746536099049394
61	-0.5985661287566784	0.20283636139815653
62	-0.6262959369108403	0.14413134237013553
63	1.2956304812328099	0.4390508582162634
64	-0.6481816048587922	0.0818843792620123
65	-0.6637903016841111	0.016686383374376307
66	-0.6727498713758275	-0.05082048479617866
67	0.6370898792822491	0.32967195335248084
68	0.1783912758643208	-0.5054429272385754
69	-0.6747547572640155	-0.11994913641772255
70	0.48444223220900406	0.5855900645096
71	-0.6695712594239159	-0.18997454712005835
72	-0.5479128038017013	-0.9676443351925119
73	-0.6570420500276976	-0.26014135056383936
74	-0.6370898792822491	-0.32967195335248084
75	-0.6097204131506793	-0.3977750844225479
76	-1.0040635537079161	-0.05051228787672851
77	-0.8010694721960702	0.494364385003566
78	1.065335666933603	-0.6950136090459921
79	0.6570420500276976	0.26014135056383936
80	0.286714300160893	-0.4779281897185956
81	0.6845857578694794	-1.0210792254113856
82	-0.5750241534241748	-0.46365468554006406
83	-0.5331774007888246	-0.5265190440359376
84	-0.48444223220900406	-0.5855900645096
85	0.07091606960569372	-0.5097574804252099
86	-0.4291654751068968	-0.6401125729802398
87	-0.36777667233184647	-0.6893635449211769
88	-0.9944120454253946	-0.25532161748925103
89	0.5331774007888246	0.5265190440359376
90	1.2547327649177142	0.5712858009960741
91	-0.30078504365326647	-0.7326611478128909
92	0.3412630635973841	-1.147670088716805
93	-0.22877546134256813	-0.7693734893179468
94	1.2943739117943953	-0.23009698153282968
95	-1.3198482431324927	0.9091430358004821
96	0.5654791764522773	-0.25746536099049394
97	-0.15240346919638936	-0.7989269639260002
98	-0.0723893859578124	-0.8208140939339742
99	-0.8358898001672346	1.3171515637831435
100	0.056384513274221844	1.4949370510703213
101	-0.09540126401304976	0.8399327611595804
102	0.6695712594239159	0.18997454712005835
103	-0.12311719096883127	-0.4556601335293053
104	0.010488454622638246	-0.8346007648954519
105	-0.34600717460956726	-0.14715649873078812
106	0.09540126401304976	-0.8399327611595804
107	0.7904057472883763	-0.9554364210419779
108	-0.33883858295029384	-0.1862780873193299
109	0.18147808609327865	-0.8365415137743737
110	0.26781472845828763	-0.8242489807891332
111	0.3534832462661199	-0.8029715887794184
112	0.981900449709873	-0.7917280370413359
113	0.4375418792948835	-0.7727231741465386
114	-0.014643625144067385	-1.1652413235121803
115	0.5190453361421442	-0.7336168733111762
116	0.5970553138980215	-0.6858659222160305
117	-1.6121881795228807	0.328589487939705
118	-0.4523296251612055	-1.0275107564624166
119	-0.24253613375083086	-1.117994733362013
120	0.6706511372276983	-0.6297833374543939
121	0.018995852065647027	-0.503641894210857
122	0.4854101966249684	-0.35267115137548394
123	0.7389403976749184	-0.565780463721113
124	-0.34752192524561293	-0.0708304730891097
125	-0.8490403996207521	-0.6500801316680981
126	0.8010694721960702	-0.494364385003566
127	-0.9036877936347962	0.3317762540426681
128	0.8562337994911853	-0.41613420985168775
129	0.9036877936347962	-0.3317762540426681
130	0.3487571876109857	1.432832928804839
131	0.7421647674021186	1.2371251226687099
132	-1.647638884121033	0.16619899979361408
133	-0.030976656301128006	-0.49235985269128063
134	-0.26781472845828763	0.8242489807891332
135	0.6727498713758275	0.05082048479617866
136	0.9427542768318675	-0.2420581568404592
137	0.9728333168221073	-0.14782197969482555
138	0.9934103595041187	-0.049976348482811454
139	1.0040635537079161	0.05051228787672851
140	1.0044701726537206	0.15262919854668933
141	0.9944120454253946	0.25532161748925103
142	0.9737799216729521	0.35750959230636575
143	-0.9427542768318675	0.2420581568404592
144	0.6262959369108403	-0.14413134237013553
145	0.9425767036415569	0.45809732345017773
146	-0.3534832462661199	0.8029715887794184
147	0.9009194913933137	0.5559848749190252
148	0.8490403996207521	0.6500801316680981
149	0.7872861176151239	0.7393108744029845
150	0.7161161976078906	0.8226368392561779
151	0.15240346919638936	0.7989269639260002
152	0.63610007070239	0.8990616281231926
153	-0.2357637897907585	-0.3715042872208867
154	0.5479128038017013	0.9676443351925119
155	-0.24677479198903682	1.4971314726780716
156	1.3215679291454	-0.09983312625968815
157	0.4523296251612055	1.0275107564624166
158	0.35021926029160744	1.077864051801174
159	-0.13031150573391395	-1.1472898598804364
160	-0.6946950627954912	1.3848583131516907
161	1.2544840837482556	-0.35592932391459325
162	0.24253613375083086	1.117994733362013
163	0.13031150573391395	1.1472898598804364
164	0.014643625144067385	1.1652413235121803
165	-0.10331300714367343	1.171453124352371
166	-0.22235915997506037	1.1656475375313773
167	0.9598730312760168	1.048251977471751
168	-0.3412630635973841	1.147670088716805
169	-0.9704514989605527	1.234997030742582
170	-0.4587731473903361	1.1174932658560253
171	-0.2020713693845746	-0.4028245351508361
172	-0.573631191998818	1.0752189079487302
173	-0.6845857578694794	1.0210792254113856
174	-0.7904057472883763	0.9554364210419779
175	-0.8898939536297464	0.8787808955617606
176	0.6747547572640155	0.11994913641772255
177	-0.981900449709873	0.7917280370413359
178	-1.065335666933603	0.6950136090459921
179	-1.1391830183448393	0.5894877678904961
180	-1.2025109217488053	0.4761077548055168
181	1.1391830183448393	-0.5894877678904961
182	-0.35021926029160744	-1.077864051801174
183	-1.2544840837482556	0.35592932391459325
184	-1.2943739117943953	0.23009698153282968
185	-1.3215679291454	0.09983312625968815
186	-1.3355780768824888	-0.033573807512298666
187	-0.6706511372276983	0.6297833374543939
188	-1.3360477977701637	-0.16878208786659496
189	0.439607981703318	-0.39250299387458565
190	-1.3227578086623142	-0.3044101795286264
191	-1.2956304812328099	-0.4390508582162634
192	-1.2547327649177142	-0.5712858009960741
193	-1.2002776009532454	-0.6997005014726178
194	0.0723893859578124	0.8208140939339742
195	-1.132623792124927	-0.8228993532094621
196	-1.052274309145046	-0.9395207409939181
197	-0.9598730312760168	-1.048251977471751
198	-0.8561999357383666	-1.1478439223350956
199	-0.5970553138980215	0.6858659222160305
200	-0.7421647674021186	-1.2371251226687099
201	-0.9425767036415569	-0.45809732345017773
202	-0.6187992370745742	-1.315015316250614
203	-0.9737799216729521	-0.35750959230636575
204	-0.4872478131816533	-1.3805381445471532
205	-0.3487571876109857	-1.432832928804839
206	-0.20466451176358344	-1.471165370968092
207	-0.056384513274221844	-1.4949370510703213
208	-0.7872861176151239	-0.7393108744029845
209	0.09460438275749765	-1.5036936041652622
210	-0.7161161976078906	-0.8226368392561779
211	-0.16442468004637967	-0.431037085453317
212	0.22877546134256813	0.7693734893179468
213	-0.5190453361421442	0.7336168733111762
214	-0.9934103595041187	0.049976348482811454
215	0.12424080643646346	-0.5104305370245087
216	0.24677479198903682	-1.4971314726780716
217	0.39856582161096127	-1.4751031441372426
218	1.052274309145046	0.9395207409939181
219	0.5483990773801217	-1.437620799459907
220	-1.0044701726537206	-0.15262919854668933
221	-0.7389403976749184	0.565780463721113
222	0.8561999357383666	1.1478439223350956
223	-0.63610007070239	-0.8990616281231926
224	-0.09460438275749765	1.5036936041652622
225	0.4872478131816533	1.3805381445471532
226	0.6946950627954912	-1.3848583131516907
227	0.2327593460555731	-0.494638788681424
228	0.8358898001672346	-1.3171515637831435
229	-0.9009194913933137	-0.5559848749190252
230	1.2002776009532454	0.6997005014726178
231	0.6637903016841111	-0.016686383374376307
232	-0.18147808609327865	0.8365415137743737
233	1.3227578086623142	0.3044101795286264
234	0.3396100303766705	-0.45529004740665807
235	0.36777667233184647	0.6893635449211769
236	0.9704514989605527	-1.234997030742582
237	1.0968970942586487	-1.139048671356077
238	1.2138084775302256	-1.0301130908185545
239	-0.3272169521243618	-0.22539486245303123
240	-0.3488438470141069	-0.10851919113614343
241	1.3198482431324927	-0.9091430358004821
242	0.8898939536297464	-0.8787808955617606
243	0.20466451176358344	1.471165370968092
244	-0.2652677272201169	-0.33757983353065507
245	1.4137747771374325	-0.7772292608841024
246	1.4944565201221731	-0.6355908349436171
247	1.5608852424791786	-0.4855639720179284
248	1.6121881795228807	-0.328589487939705
249	1.647638884121033	-0.16619899979361408
250	0.6187992370745742	1.315015316250614
